2    9     0    6    252
2    10    4    12   155
2    10    2    10   185
2    11    0    2    176
2    12    2    6    104
2    17    0    8    508
2    19    0    1    345
2    19    5    12   415
2    22    1    9    219
2    24    0    9    211
2    24    1    6    261
2    25    1    4    261
2    25    1    2    261
2    26    2    10   544
3    2     0    5    113
3    2     4    0    122
3    3     1    0    154
3    3     1    11   215
3    4     1    2    217
3    11    0    8    213
3    14    0    2    1226
3    16    0    2    813
3    17    6    3    1015
3    18    4    2    1217
3    21    7    1    438
3    23    8    4    291
3    24    5    2    540
3    25    1    2    364



